1024 1
794
356
500
46
237
65
759
192
837
772
348
764
655
494
459
419
10
649
912
633
708
740
415
699
979
289
255
645
899
79
337
643
549
208
31
851
281
857
356
492
122
971
173
674
711
694
68
577
827
454
573
839
74
988
961
588
413
116
179
141
10
598
383
719
400
432
315
67
397
603
449
572
606
616
790
360
224
385
590
477
990
233
973
436
82
186
430
844
402
69
924
590
507
982
130
741
983
222
378
176
795
760
355
685
646
998
277
920
126
123
926
251
248
163
455
919
735
675
393
318
700
955
854
887
793
890
463
120
728
201
275
684
17
416
456
287
393
24
41
817
609
574
360
806
495
566
589
130
933
626
502
493
575
686
173
43
652
167
460
847
379
791
420
202
894
226
447
36
589
80
203
352
413
342
419
117
94
344
976
46
503
217
415
580
645
534
472
40
584
254
537
906
542
184
21
770
30
892
410
448
845
763
51
878
914
530
502
656
161
962
798
727
366
971
877
414
700
959
750
272
871
97
781
382
20
371
925
812
159
436
545
692
74
743
264
369
365
579
756
934
561
817
233
446
179
686
338
33
321
394
342
748
963
335
308
777
529
647
343
123
265
802
2
200
817
253
831
66
853
953
838
341
591
28
320
359
586
94
543
761
718
565
75
514
845
71
316
753
576
547
392
822
172
636
234
481
442
461
676
422
662
597
107
946
589
113
441
433
666
869
252
937
594
461
550
623
589
923
854
181
899
567
204
9
861
618
36
347
404
309
109
643
524
866
387
123
832
273
540
515
372
600
612
637
564
682
705
342
393
661
836
809
20
107
112
8
736
395
481
646
461
661
799
574
452
208
372
948
657
654
688
938
140
12
666
611
186
741
9
266
724
531
33
219
430
253
921
991
779
225
276
415
120
538
542
337
533
477
915
400
864
171
722
788
664
637
562
561
226
583
103
544
350
249
804
431
634
141
105
762
301
337
324
72
995
491
969
44
963
739
257
450
26
325
337
571
424
981
828
692
466
164
700
738
655
886
744
799
85
21
207
381
918
628
375
223
981
317
498
286
722
754
717
398
267
538
392
497
484
12
295
289
547
900
259
325
401
680
496
629
198
866
678
114
41
937
78
553
922
553
158
317
752
445
407
974
852
304
85
617
419
497
359
415
809
720
914
879
879
574
74
376
145
528
792
467
343
324
119
805
155
242
227
942
801
134
455
301
818
454
56
710
356
548
622
97
294
781
311
154
315
626
699
909
10
315
575
483
919
151
310
919
381
761
475
588
205
922
322
424
778
975
444
722
765
852
457
753
448
253
87
237
385
282
150
976
404
770
848
908
283
510
417
389
834
96
229
10
83
321
934
441
625
693
213
202
322
755
615
557
174
181
733
353
759
604
70
259
463
263
225
863
850
268
393
30
772
223
601
251
580
0
16
328
253
307
248
567
515
172
911
588
225
330
817
53
136
732
554
41
695
183
977
733
41
881
918
169
545
114
799
650
871
548
18
544
331
925
602
854
588
376
59
595
536
445
991
252
877
355
710
329
583
330
766
780
714
540
533
406
129
53
420
685
902
710
828
855
306
443
287
948
516
667
760
48
442
317
782
425
601
267
954
817
493
393
895
125
738
206
633
215
788
919
493
184
588
173
948
198
73
516
455
347
820
709
651
806
933
204
368
133
859
210
455
236
662
711
709
600
193
349
515
872
55
166
466
789
476
588
316
978
94
723
54
329
498
731
394
853
947
78
801
267
980
270
843
238
493
305
39
206
430
844
372
828
56
323
926
469
375
229
470
865
844
20
790
748
406
811
231
85
155
575
683
580
69
503
752
227
563
902
637
220
294
400
395
954
860
989
677
432
578
198
339
856
593
507
626
857
414
934
941
772
744
689
167
664
452
211
876
701
681
335
899
539
456
999
13
398
338
315
894
21
308
21
391
856
460
211
685
872
80
752
431
845
62
224
969
682
71
673
994
385
682
981
659
70
151
791
736
885
820
930
971
243
256
697
59
867
403
687
30
979
410
531
335
886
393
802
40
825
506
492
672
541
121
684
827
761
435
18
409
585
484
670
280
691
680
258
719
408
724
730
391
678
109
51
731
958
620
890
397
746
362
108
936
965
882
566
956
148
966
518
22
866
894
797
587
887
768
799
263
135
240
534
946
201
71
432
546
779
832
308
51
896
993
371
760
269
717
5
468
717
50
927
984
453
519
628
972
642
944
389
315
262
47
494
463
295
924
5
543
809
145
987
348
259
72
689
348
602
67
109
564
170
173
808
591
794
720
304
943
360
626
177
323
395
630
148
579
515
538
611
702
291
352
477
340
900
22
409
907
407
