1024 1
804
237
280
198
443
942
895
371
521
931
234
168
536
836
13
552
282
613
622
164
230
522
65
219
3
722
129
73
464
402
988
71
599
359
47
330
803
445
715
828
306
437
514
392
171
494
537
698
212
477
757
924
800
145
790
36
677
980
785
727
782
288
248
639
676
147
866
380
136
453
511
571
75
105
463
257
973
929
5
387
612
625
551
451
33
573
241
279
643
217
707
17
542
147
492
153
252
680
705
515
941
78
67
477
993
932
217
117
580
351
246
685
796
918
779
606
529
621
85
230
248
686
796
0
204
495
525
296
908
960
371
81
530
823
18
912
491
990
912
334
239
391
535
374
365
992
472
208
414
686
88
96
811
666
978
260
680
143
371
573
34
27
287
649
773
993
181
406
897
450
277
659
955
449
309
550
731
11
247
828
102
258
442
339
119
317
895
939
481
780
498
334
497
612
8
87
171
527
275
282
622
978
238
511
298
834
58
660
675
246
520
545
36
931
71
560
707
328
66
814
960
188
528
950
31
117
210
962
511
860
820
119
342
518
570
696
583
355
312
142
372
411
235
823
602
253
897
133
64
824
856
711
64
863
531
604
895
792
931
795
702
145
362
163
83
475
227
125
638
446
671
268
633
104
653
320
872
527
919
911
310
621
665
367
365
831
227
331
507
244
457
58
353
396
931
616
428
778
659
758
565
798
872
264
27
116
468
401
138
996
886
463
360
644
595
180
730
188
147
632
856
561
567
428
344
77
113
31
642
878
573
692
222
920
497
824
354
106
54
720
587
69
72
652
599
135
666
995
485
796
626
947
547
782
535
955
810
635
404
36
92
577
222
901
781
890
215
415
32
725
553
251
392
359
846
667
847
728
311
321
662
820
394
769
531
835
89
832
598
138
8
459
876
751
930
311
382
616
924
401
416
374
570
207
214
628
32
338
135
688
131
593
403
295
852
678
18
908
735
466
831
519
256
973
945
650
455
559
17
89
353
282
995
438
306
318
719
654
534
704
378
761
439
242
792
422
0
672
681
279
510
633
661
934
253
743
388
88
998
134
302
927
379
390
830
807
948
828
810
530
175
886
760
304
845
246
712
426
675
895
323
670
710
582
786
965
779
735
334
471
110
159
198
488
76
99
988
570
416
644
657
481
670
352
33
172
161
28
521
291
879
676
194
395
245
464
706
128
278
716
998
967
223
227
275
810
763
899
516
21
895
610
535
719
236
525
755
902
822
96
278
373
132
256
437
527
919
30
265
709
915
292
959
683
992
252
17
367
340
991
281
429
694
892
291
884
781
744
302
189
351
978
97
795
880
360
684
972
857
174
382
167
652
8
212
241
533
882
144
198
319
140
498
933
267
546
379
954
452
790
84
894
566
942
699
734
68
345
920
989
385
947
509
791
674
953
145
93
665
494
819
249
16
253
930
321
18
776
807
864
723
372
200
30
487
434
246
206
781
228
584
260
660
530
656
904
702
577
422
293
137
879
842
481
65
532
486
538
250
390
561
172
687
873
300
516
282
374
421
125
82
457
516
163
660
700
314
237
749
464
840
667
521
70
260
502
745
444
849
326
248
223
329
399
358
792
299
2
118
280
473
487
252
363
40
901
181
223
367
542
927
204
212
133
467
189
855
946
759
908
849
512
204
256
360
904
715
71
102
343
341
345
198
393
415
216
45
549
298
695
773
36
641
773
185
295
135
516
194
496
804
501
351
410
983
137
295
888
428
21
272
748
944
731
552
384
536
931
346
268
752
453
82
233
306
369
111
748
778
875
661
634
113
317
412
571
792
250
239
662
328
873
977
517
897
485
831
10
771
450
702
849
731
713
332
921
714
631
895
345
923
896
887
35
452
442
0
229
104
748
296
771
547
425
1
81
179
575
824
675
467
60
379
358
603
774
145
721
750
369
205
417
733
161
858
898
820
877
494
636
93
213
392
71
324
898
491
105
618
49
953
479
235
654
963
756
314
722
792
663
411
455
125
812
802
556
860
957
128
367
412
260
246
250
467
386
595
855
69
951
178
839
583
705
116
509
415
868
842
737
444
190
156
275
645
167
848
586
390
922
755
452
34
717
184
77
378
881
311
686
888
42
761
252
75
19
917
369
542
13
163
657
774
569
874
522
114
125
96
125
938
480
399
131
193
439
146
168
914
946
392
376
324
722
840
756
737
562
347
343
394
600
330
789
296
116
377
720
585
404
520
315
230
309
445
483
783
13
681
944
844
608
375
644
484
634
152
731
581
934
677
7
986
978
375
789
533
171
813
853
3
774
217
485
599
110
407
93
102
144
561
784
502
340
438
843
263
985
724
79
905
250
612
669
